817
0 1686653498503811 817 0
1 1686653498504710 817 0 5 5
0 1686653498516366 817 1
1 1686653498517628 817 1 1
1 6 5 2
0 1686653498529605 817 2 4 5
1 1686653498531058 817 0 4 5
0 1686653498543111 817 2 3 5
1 1686653498544615 817 0 3 5
0 1686653498556441 817 2 2 5
1 1686653498557672 817 0 2 5
0 1686653498569550 817 3 200502 3
1 1686653498570906 817 2 1
0 1686653498582731 817 1
1 1686653498583230 817 1 1
1 2 5 1
0 1686653498594513 817 2 2 4
1 1686653498595756 817 0 2 4
0 1686653498607170 817 2 2 3
1 1686653498608189 817 4
