798
0 1686653497519838 798 0
1 1686653497521755 798 0 8 8
0 1686653497533249 798 1
1 1686653497534464 798 1 0
0 1686653497546559 798 2 7 8
1 1686653497547748 798 0 7 8
0 1686653497559618 798 2 6 8
1 1686653497560832 798 0 6 8
0 1686653497572604 798 2 5 8
1 1686653497573844 798 0 5 8
0 1686653497585421 798 3 200805 3
1 1686653497586673 798 2 1
0 1686653497598708 798 1
1 1686653497599441 798 1 1
1 5 8 1
0 1686653497611298 798 2 6 8
1 1686653497612862 798 0 6 8
0 1686653497624432 798 2 7 8
1 1686653497625271 798 3
