818
0 1686653498506137 818 0
1 1686653498506677 818 0 6 6
0 1686653498518021 818 1
1 1686653498519739 818 1 2
1 6 5 2
2 6 8 2
0 1686653498531525 818 2 5 6
1 1686653498532824 818 0 5 6
0 1686653498544359 818 2 4 6
1 1686653498547080 818 0 4 6
0 1686653498558630 818 2 3 6
1 1686653498559424 818 0 3 6
0 1686653498570908 818 3 200603 3
1 1686653498572865 818 2 1
0 1686653498584399 818 1
1 1686653498584829 818 1 2
1 3 6 1
2 3 4 2
0 1686653498596138 818 2 2 6
1 1686653498597027 818 0 2 6
0 1686653498608441 818 2 1 6
1 1686653498609610 818 3
