788
0 1686653497310560 788 0
1 1686653497312028 788 0 8 8
0 1686653497323616 788 1
1 1686653497324864 788 1 0
0 1686653497336364 788 2 7 8
1 1686653497337771 788 0 7 8
0 1686653497349375 788 2 6 8
1 1686653497350896 788 0 6 8
0 1686653497362426 788 2 5 8
1 1686653497363949 788 0 5 8
0 1686653497375536 788 3 200805 3
1 1686653497377860 788 2 1
0 1686653497389600 788 1
1 1686653497407066 788 1 1
1 5 8 1
0 1686653497418790 788 2 6 8
1 1686653497420613 788 0 6 8
0 1686653497432349 788 2 7 8
1 1686653497434831 788 3
