777
0 1686653497084455 777 0
1 1686653497086427 777 0 5 5
0 1686653497098252 777 1
1 1686653497099689 777 1 1
1 4 5 2
0 1686653497111487 777 2 6 5
1 1686653497112787 777 0 6 5
0 1686653497124616 777 2 7 5
1 1686653497125926 777 0 7 5
0 1686653497137653 777 2 8 5
1 1686653497139130 777 0 8 5
0 1686653497151272 777 3 200508 3
1 1686653497153719 777 2 1
0 1686653497165554 777 1
1 1686653497166663 777 1 1
1 8 5 1
0 1686653497178503 777 2 7 5
1 1686653497187665 777 0 7 5
0 1686653497199243 777 2 6 5
1 1686653497200546 777 3
