787
0 1686653497309781 787 0
1 1686653497311292 787 0 5 5
0 1686653497322915 787 1
1 1686653497324062 787 1 1
1 4 5 2
0 1686653497335878 787 2 6 5
1 1686653497337037 787 0 6 5
0 1686653497348781 787 2 7 5
1 1686653497349967 787 0 7 5
0 1686653497361888 787 2 8 5
1 1686653497363211 787 0 8 5
0 1686653497375013 787 3 200508 3
1 1686653497376459 787 2 1
0 1686653497388242 787 1
1 1686653497389360 787 1 1
1 8 5 1
0 1686653497401135 787 2 7 5
1 1686653497405731 787 0 7 5
0 1686653497417787 787 2 6 5
1 1686653497419285 787 0 6 5
0 1686653497430947 787 2 5 5
1 1686653497432452 787 4
