797
0 1686653497542450 797 0
1 1686653497543775 797 0 5 5
0 1686653497555401 797 1
1 1686653497556760 797 1 2
1 6 5 2
2 3 5 2
0 1686653497568621 797 2 4 5
1 1686653497569877 797 0 4 5
0 1686653497581755 797 2 3 5
1 1686653497583074 797 0 4 5
0 1686653497617689 797 1
1 1686653497620606 797 1 2
1 3 5 2
2 6 5 2
0 1686653497632323 797 2 5 5
1 1686653497633334 797 0 5 5
0 1686653497645104 797 2 6 5
1 1686653497646645 797 0 5 5
0 1686653497681817 797 1
1 1686653497684213 797 1 2
1 6 5 2
2 3 5 2
0 1686653497696773 797 2 4 5
1 1686653497699871 797 0 4 5
0 1686653497712712 797 2 3 5
1 1686653497716058 797 0 4 5
0 1686653497772592 797 1
1 1686653497775843 797 1 2
1 3 5 2
2 6 5 2
0 1686653497788241 797 2 5 5
1 1686653497791640 797 0 5 5
0 1686653497804367 797 2 6 5
1 1686653497807420 797 0 5 5
0 1686653497843489 797 1
1 1686653497846542 797 1 2
1 6 5 2
2 3 5 2
0 1686653497859281 797 2 4 5
1 1686653497862432 797 0 4 5
0 1686653497875347 797 2 3 5
1 1686653497878867 797 0 4 5
0 1686653497915564 797 1
1 1686653497918780 797 1 2
1 3 5 2
2 6 5 2
0 1686653497931644 797 2 5 5
1 1686653497935057 797 0 5 5
0 1686653497947329 797 2 6 5
1 1686653497950351 797 0 5 5
0 1686653497985588 797 1
1 1686653497989365 797 1 2
1 6 5 2
2 3 5 2
0 1686653498002347 797 2 4 5
1 1686653498005571 797 0 4 5
0 1686653498018261 797 2 3 5
1 1686653498021467 797 0 4 5
0 1686653498056642 797 1
1 1686653498060129 797 1 2
1 3 5 2
2 6 5 2
0 1686653498072716 797 2 4 4
1 1686653498076069 797 0 4 4
0 1686653498089066 797 2 4 3
1 1686653498092191 797 0 4 3
0 1686653498105017 797 2 4 2
1 1686653498108325 797 0 4 2
0 1686653498120780 797 3 200204 3
1 1686653498124422 797 2 1
0 1686653498136820 797 1
1 1686653498139666 797 1 1
1 4 2 1
0 1686653498152370 797 2 3 2
1 1686653498155285 797 0 3 2
0 1686653498167561 797 2 2 2
1 1686653498170930 797 0 2 2
0 1686653498183354 797 2 1 2
1 1686653498186680 797 4
