808
0 1686653498303380 808 0
1 1686653498305035 808 0 5 3
0 1686653498316681 808 1
1 1686653498317948 808 1 1
1 5 5 0
0 1686653498329723 808 2 4 3
1 1686653498330971 808 0 4 3
0 1686653498342590 808 2 3 3
1 1686653498344171 808 0 3 3
0 1686653498356213 808 2 2 3
1 1686653498357935 808 0 2 3
0 1686653498370050 808 3 200302 3
1 1686653498372311 808 2 1
0 1686653498384548 808 1
1 1686653498388776 808 1 2
1 2 3 1
2 2 5 0
0 1686653498401132 808 2 2 2
1 1686653498403827 808 0 2 2
0 1686653498415744 808 2 2 1
1 1686653498417787 808 4
