819
0 1686653498505026 819 0
1 1686653498506004 819 0 7 7
0 1686653498517421 819 1
1 1686653498518632 819 1 0
0 1686653498530049 819 2 6 7
1 1686653498532019 819 0 6 7
0 1686653498543495 819 2 5 7
1 1686653498546252 819 0 5 7
0 1686653498557765 819 2 4 7
1 1686653498558579 819 0 4 7
0 1686653498570069 819 3 200704 3
1 1686653498571935 819 2 1
0 1686653498583307 819 1
1 1686653498583761 819 1 1
1 4 7 1
0 1686653498595226 819 2 3 7
1 1686653498596351 819 0 3 7
0 1686653498607878 819 2 2 7
1 1686653498610257 819 3
