778
0 1686653497085798 778 0
1 1686653497087264 778 0 8 8
0 1686653497098904 778 1
1 1686653497100630 778 1 0
0 1686653497112315 778 2 7 8
1 1686653497113613 778 0 7 8
0 1686653497125077 778 2 6 8
1 1686653497126927 778 0 6 8
0 1686653497138532 778 2 5 8
1 1686653497140173 778 0 5 8
0 1686653497151995 778 3 200805 3
1 1686653497155669 778 2 1
0 1686653497167940 778 1
1 1686653497188493 778 1 1
1 5 8 1
0 1686653497200014 778 2 6 8
1 1686653497202950 778 0 6 8
0 1686653497214727 778 2 7 8
1 1686653497215826 778 0 7 8
0 1686653497227357 778 2 8 8
1 1686653497228402 778 4
