807
0 1686653498304874 807 0
1 1686653498305772 807 0 5 5
0 1686653498317290 807 1
1 1686653498319008 807 1 3
1 5 6 2
2 6 5 2
3 5 3 0
0 1686653498330517 807 2 4 5
1 1686653498331740 807 0 4 5
0 1686653498343313 807 2 3 5
1 1686653498345403 807 0 3 5
0 1686653498357161 807 2 2 5
1 1686653498359203 807 0 2 5
0 1686653498371017 807 3 200502 3
1 1686653498374464 807 2 1
0 1686653498386646 807 1
1 1686653498390392 807 1 2
1 2 5 1
2 2 3 0
0 1686653498403042 807 2 2 4
1 1686653498405759 807 0 2 4
0 1686653498417922 807 2 2 3
1 1686653498421303 807 3
