767
0 1686653496835112 767 0
1 1686653496837092 767 0 5 5
0 1686653496849180 767 1
1 1686653496850835 767 1 0
0 1686653496862854 767 2 5 4
1 1686653496864770 767 0 5 4
0 1686653496876934 767 2 5 3
1 1686653496879159 767 0 5 3
0 1686653496891554 767 2 5 2
1 1686653496894899 767 0 5 2
0 1686653496907593 767 3 200205 3
1 1686653496910812 767 2 1
0 1686653496923020 767 1
1 1686653496924738 767 1 1
1 5 2 1
0 1686653496936847 767 2 4 2
1 1686653496946921 767 0 4 2
0 1686653496959389 767 2 3 2
1 1686653496961509 767 4
